871164
871165
871166
871167
871168
871169
871170
871171
871172
871173
871174
871175
871176
871177
871178
871179
871180
871181
871182
871183
871184
871185
871186
871187
871188
871189
871190
871191
871192
871193
871194
871195
871196
871197
871198
871199
871200
871201
871202
871203
871204
871205
871206
871207
871208
871209
871210
871211
871212
871213
871214
871215
871216
871217
871218
871219
871220
871221
871222
871223
871224
871225
871226
871227
871228
871229
871230
871231
871232
871233
871234
871235
871236
871237
871238
871239
871240
871241
871242
871243
871244
871245
871246
871247
871248
871249
871250
871251
871252
871253
871254
871255
871256
871257
871258
871259
871260
871261
871262
871263
871264
871265
871266
871267
871268
871269
871270
871271
871272
871273
871274
871275
871276
871277
871278
871279
871280
871281
871282
871283
871284
871285
871286
871287
871288
871289
871290
871291
871292
871293
871294
871295
871296
871297
871298
871299
871300
871301
871302
871303
871304
871305
871306
871307
871308
871309
871310
871311
871312
871313
871314
871315
871316
871317
871318
871319
871320
871321
871322
871323
871324
871325
871326
871327
871328
871329
871330
871331
871332
871333
871334
871335
871336
871337
871338
871339
871340
871341
871342
871343
871344
871345
871346
871347
871348
871349
871350
871351
871352
871353
871354
871355
871356
871357
871358
871359
871360
871361
871362
871363
871364
871365
871366
871367
871368
871369
871370
871371
871372
871373
871374
871375
871376
871377
871378
871379
871380
871381
871382
871383
871384
871385
871386
871387
871388
871389
871390
871391
871392
871393
871394
871395
871396
871397
871398
871399
871400
871401
871402
871403
871404
871405
871406
871407
871408
871409
871410
871411
871412
871413
871414
871415
871416
871417
871418
871419
871420
871421
871422
871423
871424
871425
871426
871427
871428
871429
871430
871431
871432
871433
871434
871435
871436
871437
871438
871439
871440
871441
871442
871443
871444
871445
871446
871447
871448
871449
871450
871451
871452
871453
871454
871455
871456
871457
871458
871459
871460
871461
871462
871463
871464
871465
871466
871467
871468
871469
