867946
867947
867948
867949
867950
867951
867952
867953
867954
867955
867956
867957
867958
867959
867960
867961
867962
867963
867964
867965
867966
867967
867968
867969
867970
867971
867972
867973
867974
867975
867976
867977
867978
867979
867980
867981
867982
867983
867984
867985
867986
867987
867988
867989
867990
867991
867992
867993
867994
867995
867996
867997
867998
867999
868000
868001
868002
868003
868004
868005
868006
868007
868008
868009
868010
868011
868012
868013
868014
868015
868016
868017
868018
868019
868020
868021
868022
868023
868024
868025
868026
868027
868028
868029
868030
868031
868032
868033
868034
868035
868036
868037
868038
868039
868040
868041
868042
868043
868044
868045
868046
868047
868048
868049
868050
868051
868052
868053
868054
868055
868056
868057
868058
868059
868060
868061
868062
868063
868064
868065
868066
868067
868068
868069
868070
868071
868072
868073
868074
868075
868076
868077
868078
868079
868080
868081
868082
868083
868084
868085
868086
868087
868088
868089
868090
868091
868092
868093
868094
868095
868096
868097
868098
868099
868100
868101
868102
868103
868104
868105
868106
868107
868108
868109
868110
868111
868112
868113
868114
868115
868116
868117
868118
868119
868120
868121
868122
868123
868124
868125
868126
868127
868128
868129
868130
868131
868132
868133
868134
868135
868136
868137
868138
868139
868140
868141
868142
868143
868144
868145
868146
868147
868148
868149
868150
868151
868152
868153
868154
868155
868156
868157
868158
868159
868160
868161
868162
868163
868164
868165
868166
868167
868168
868169
868170
868171
868172
868173
868174
868175
868176
868177
868178
868179
868180
868181
868182
868183
868184
868185
868186
868187
868188
868189
868190
868191
868192
868193
868194
868195
868196
868197
868198
868199
868200
868201
868202
868203
868204
868205
868206
868207
868208
868209
868210
868211
868212
868213
868214
868215
868216
868217
868218
868219
868220
868221
868222
868223
868224
868225
868226
868227
868228
868229
868230
868231
868232
868233
868234
868235
868236
868237
868238
868239
868240
868241
868242
868243
868244
868245
868246
868247
868248
868249
868250
868251
868252
868253
868254
868255
868256
868257
868258
868259
868260
868261
868262
868263
868264
868265
868266
868267
868268
868269
868270
868271
868272
868273
868274
868275
868276
868277
868278
868279
868280
868281
868282
868283
868284
868285
868286
868287
868288
868289
868290
868291
868292
868293
868294
868295
868296
868297
868298
868299
868300
868301
868302
868303
868304
868305
868306
868307
868308
868309
868310
868311
868312
868313
868314
868315
868316
868317
868318
868319
868320
868321
868322
868323
868324
868325
