877942
877943
877944
877945
877946
877947
877948
877949
877950
877951
877952
877953
877954
877955
877956
877957
877958
877959
877960
877961
877962
877963
877964
877965
877966
877967
877968
877969
877970
877971
877972
877973
877974
877975
877976
877977
877978
877979
877980
877981
877982
877983
877984
877985
877986
877987
877988
877989
877990
877991
877992
877993
877994
877995
877996
877997
877998
877999
878000
878001
878002
878003
878004
878005
878006
878007
878008
878009
878010
878011
878012
878013
878014
878015
878016
878017
878018
878019
878020
878021
878022
878023
878024
878025
878026
878027
878028
878029
878030
878031
878032
878033
878034
878035
878036
878037
878038
878039
878040
878041
878042
878043
878044
878045
878046
878047
878048
878049
878050
878051
878052
878053
878054
878055
878056
878057
878058
878059
878060
878061
878062
878063
878064
878065
878066
878067
878068
878069
878070
878071
878072
878073
878074
878075
878076
878077
878078
878079
878080
878081
878082
878083
878084
878085
878086
878087
878088
878089
878090
878091
878092
878093
878094
878095
878096
878097
878098
878099
878100
878101
878102
878103
878104
878105
878106
878107
878108
878109
878110
878111
878112
878113
878114
878115
878116
878117
878118
878119
878120
878121
878122
878123
878124
878125
878126
878127
878128
878129
878130
878131
878132
878133
878134
878135
878136
878137
878138
878139
878140
878141
878142
878143
878144
878145
878146
878147
878148
878149
878150
878151
878152
878153
878154
878155
878156
878157
878158
878159
878160
878161
878162
878163
878164
878165
878166
878167
878168
878169
878170
878171
878172
878173
878174
878175
878176
878177
878178
878179
878180
878181
878182
878183
878184
878185
878186
878187
878188
878189
878190
878191
878192
878193
878194
878195
878196
878197
878198
878199
878200
878201
878202
878203
878204
878205
878206
878207
878208
878209
878210
878211
878212
878213
878214
878215
878216
878217
878218
878219
878220
878221
878222
878223
878224
878225
878226
878227
878228
878229
878230
878231
878232
878233
878234
878235
878236
878237
878238
878239
878240
878241
878242
878243
878244
878245
878246
878247
878248
878249
878250
878251
878252
878253
878254
878255
878256
878257
878258
878259
878260
878261
878262
878263
878264
878265
878266
878267
878268
878269
878270
878271
878272
878273
878274
878275
878276
878277
878278
878279
878280
878281
878282
878283
878284
878285
878286
878287
878288
878289
878290
878291
878292
878293
878294
878295
878296
878297
878298
878299
878300
878301
878302
878303
878304
878305
878306
878307
878308
878309
878310
878311
878312
878313
878314
878315
878316
878317
878318
878319
878320
878321
