871470
871471
871472
871473
871474
871475
871476
871477
871478
871479
871480
871481
871482
871483
871484
871485
871486
871487
871488
871489
871490
871491
871492
871493
871494
871495
871496
871497
871498
871499
871500
871501
871502
871503
871504
871505
871506
871507
871508
871509
871510
871511
871512
871513
871514
871515
871516
871517
871518
871519
871520
871521
871522
871523
871524
871525
871526
871527
871528
871529
871530
871531
871532
871533
871534
871535
871536
871537
871538
871539
871540
871541
871542
871543
871544
871545
871546
871547
871548
871549
871550
871551
871552
871553
871554
871555
871556
871557
871558
871559
871560
871561
871562
871563
871564
871565
871566
871567
871568
871569
871570
871571
871572
871573
871574
871575
871576
871577
871578
871579
871580
871581
871582
871583
871584
871585
871586
871587
871588
871589
871590
871591
871592
871593
871594
871595
871596
871597
871598
871599
871600
871601
871602
871603
871604
871605
871606
871607
871608
871609
871610
871611
871612
871613
871614
871615
871616
871617
871618
871619
871620
871621
871622
871623
871624
871625
871626
871627
871628
871629
871630
871631
871632
871633
871634
871635
871636
871637
871638
871639
871640
871641
871642
871643
871644
871645
871646
871647
871648
871649
871650
871651
871652
871653
871654
871655
871656
871657
871658
871659
871660
871661
871662
871663
871664
871665
871666
871667
871668
871669
871670
871671
871672
871673
871674
871675
871676
871677
871678
871679
871680
871681
871682
871683
871684
871685
871686
871687
871688
871689
871690
871691
871692
871693
871694
871695
871696
871697
871698
871699
871700
871701
871702
871703
871704
871705
871706
871707
871708
871709
871710
871711
871712
871713
871714
871715
871716
871717
871718
871719
871720
871721
871722
871723
871724
871725
871726
871727
871728
871729
871730
871731
871732
871733
871734
871735
871736
871737
871738
871739
871740
871741
871742
871743
871744
871745
871746
871747
871748
871749
871750
871751
871752
871753
871754
871755
871756
871757
871758
871759
871760
871761
871762
871763
871764
871765
871766
871767
871768
871769
871770
871771
871772
871773
871774
871775
871776
871777
871778
871779
871780
871781
871782
871783
871784
871785
871786
871787
871788
871789
871790
871791
871792
871793
871794
871795
871796
871797
871798
871799
871800
871801
871802
871803
871804
871805
871806
871807
871808
871809
871810
871811
871812
871813
871814
871815
871816
871817
871818
871819
871820
871821
871822
871823
871824
871825
871826
871827
871828
871829
871830
871831
871832
871833
871834
871835
871836
871837
871838
871839
871840
871841
871842
871843
871844
871845
871846
871847
871848
871849
