881780
881781
881782
881783
881784
881785
881786
881787
881788
881789
881790
881791
881792
881793
881794
881795
881796
881797
881798
881799
881800
881801
881802
881803
881804
881805
881806
881807
881808
881809
881810
881811
881812
881813
881814
881815
881816
881817
881818
881819
881820
881821
881822
881823
881824
881825
881826
881827
881828
881829
881830
881831
881832
881833
881834
881835
881836
881837
881838
881839
881840
881841
881842
881843
881844
881845
881846
881847
881848
881849
881850
881851
881852
881853
881854
881855
881856
881857
881858
881859
881860
881861
881862
881863
881864
881865
881866
881867
881868
881869
881870
881871
881872
881873
881874
881875
881876
881877
881878
881879
881880
881881
881882
881883
881884
881885
881886
881887
881888
881889
881890
881891
881892
881893
881894
881895
881896
881897
881898
881899
881900
881901
881902
881903
881904
881905
881906
881907
881908
881909
881910
881911
881912
881913
881914
881915
881916
881917
881918
881919
881920
881921
881922
881923
881924
881925
881926
881927
881928
881929
881930
881931
881932
881933
881934
881935
881936
881937
881938
881939
881940
881941
881942
881943
881944
881945
881946
881947
881948
881949
881950
881951
881952
881953
881954
881955
881956
881957
881958
881959
881960
881961
881962
881963
881964
881965
881966
881967
881968
881969
881970
881971
881972
881973
881974
881975
881976
881977
881978
881979
881980
881981
881982
881983
881984
881985
881986
881987
881988
881989
881990
881991
881992
881993
881994
881995
881996
881997
881998
881999
882000
882001
882002
882003
882004
882005
882006
882007
882008
882009
882010
882011
882012
882013
882014
882015
882016
882017
882018
882019
882020
882021
882022
882023
882024
882025
882026
882027
882028
882029
882030
882031
882032
882033
882034
882035
882036
882037
882038
882039
882040
882041
882042
882043
882044
882045
882046
882047
882048
882049
882050
882051
882052
882053
882054
882055
882056
882057
882058
882059
882060
882061
882062
882063
882064
882065
882066
882067
882068
882069
882070
882071
882072
882073
882074
882075
882076
882077
882078
882079
882080
882081
882082
882083
882084
882085
882086
882087
882088
882089
882090
882091
882092
882093
882094
882095
882096
882097
882098
882099
882100
882101
882102
882103
882104
882105
882106
882107
882108
882109
882110
882111
882112
882113
882114
882115
882116
882117
882118
882119
882120
882121
882122
882123
882124
882125
882126
882127
882128
882129
882130
882131
882132
882133
882134
882135
882136
882137
882138
882139
882140
882141
882142
882143
882144
882145
882146
882147
882148
882149
882150
882151
882152
882153
882154
882155
882156
882157
882158
882159
